ЛАБОРАТОРНАЯ РАБОТА №1. ВАРИАНТ 2.
Функция: f(x) = (x - 2)^2 на интервале [-2.0, 20.0]

>>> ИССЛЕДОВАНИЕ МЕТОДОВ ПРИ EPS = 1e-7

Таблица результатов: Метод Дихотомии
---------------------------------------------------------------------------------------------------------
i    |      x1      |      x2      |    f(x1)     |    f(x2)     |      a       |      b       |     b-a      |  ratio  
---------------------------------------------------------------------------------------------------------
1    |  8.999999976 |  9.000000024 |  48.999999667 |  49.000000333 | -2.000000000 |  20.000000000 |  2.200000000e+01 |    -    
2    |  3.499999988 |  3.500000036 |  2.249999964 |  2.250000107 | -2.000000000 |  9.000000024 |  1.100000002e+01 |  2.0000 
3    |  0.749999994 |  0.750000042 |  1.562500015 |  1.562499896 | -2.000000000 |  3.500000036 |  5.500000036e+00 |  2.0000 
4    |  2.124999991 |  2.125000039 |  0.015624998 |  0.015625010 |  0.749999994 |  3.500000036 |  2.750000042e+00 |  2.0000 
5    |  1.437499993 |  1.437500040 |  0.316406258 |  0.316406205 |  0.749999994 |  2.125000039 |  1.375000045e+00 |  2.0000 
6    |  1.781249992 |  1.781250039 |  0.047851566 |  0.047851545 |  1.437499993 |  2.125000039 |  6.875000461e-01 |  2.0000 
7    |  1.953124991 |  1.953125039 |  0.002197266 |  0.002197262 |  1.781249992 |  2.125000039 |  3.437500469e-01 |  2.0000 
8    |  2.039062491 |  2.039062539 |  0.001525878 |  0.001525882 |  1.953124991 |  2.125000039 |  1.718750472e-01 |  2.0000 
9    |  1.996093741 |  1.996093789 |  0.000015259 |  0.000015258 |  1.953124991 |  2.039062539 |  8.593754743e-02 |  2.0000 
10   |  2.017578116 |  2.017578164 |  0.000308990 |  0.000308992 |  1.996093741 |  2.039062539 |  4.296879753e-02 |  2.0000 
11   |  2.006835929 |  2.006835976 |  0.000046730 |  0.000046731 |  1.996093741 |  2.017578164 |  2.148442257e-02 |  2.0000 
12   |  2.001464835 |  2.001464883 |  0.000002146 |  0.000002146 |  1.996093741 |  2.006835976 |  1.074223510e-02 |  2.0000 
13   |  1.998779288 |  1.998779336 |  0.000001490 |  0.000001490 |  1.996093741 |  2.001464883 |  5.371141357e-03 |  2.0000 
14   |  2.000122062 |  2.000122109 |  0.000000015 |  0.000000015 |  1.998779288 |  2.001464883 |  2.685594488e-03 |  2.0000 
15   |  1.999450675 |  1.999450723 |  0.000000302 |  0.000000302 |  1.998779288 |  2.000122109 |  1.342821054e-03 |  2.0000 
16   |  1.999786368 |  1.999786416 |  0.000000046 |  0.000000046 |  1.999450675 |  2.000122109 |  6.714343363e-04 |  1.9999 
17   |  1.999954215 |  1.999954263 |  0.000000002 |  0.000000002 |  1.999786368 |  2.000122109 |  3.357409777e-04 |  1.9999 
18   |  2.000038138 |  2.000038186 |  0.000000001 |  0.000000001 |  1.999954215 |  2.000122109 |  1.678942984e-04 |  1.9997 
19   |  1.999996177 |  1.999996224 |  0.000000000 |  0.000000000 |  1.999954215 |  2.000038186 |  8.397095871e-05 |  1.9994 
20   |  2.000017157 |  2.000017205 |  0.000000000 |  0.000000000 |  1.999996177 |  2.000038186 |  4.200928888e-05 |  1.9989 
21   |  2.000006667 |  2.000006715 |  0.000000000 |  0.000000000 |  1.999996177 |  2.000017205 |  2.102845396e-05 |  1.9977 
22   |  2.000001422 |  2.000001469 |  0.000000000 |  0.000000000 |  1.999996177 |  2.000006715 |  1.053803651e-05 |  1.9955 
23   |  1.999998799 |  1.999998847 |  0.000000000 |  0.000000000 |  1.999996177 |  2.000001469 |  5.292827776e-06 |  1.9910 
24   |  2.000000111 |  2.000000158 |  0.000000000 |  0.000000000 |  1.999998799 |  2.000001469 |  2.670223412e-06 |  1.9822 
25   |  1.999999455 |  1.999999503 |  0.000000000 |  0.000000000 |  1.999998799 |  2.000000158 |  1.358921230e-06 |  1.9650 
26   |  1.999999783 |  1.999999830 |  0.000000000 |  0.000000000 |  1.999999455 |  2.000000158 |  7.032701388e-07 |  1.9323 
27   |  1.999999947 |  1.999999994 |  0.000000000 |  0.000000000 |  1.999999783 |  2.000000158 |  3.754445934e-07 |  1.8732 
28   |  2.000000029 |  2.000000076 |  0.000000000 |  0.000000000 |  1.999999947 |  2.000000158 |  2.115318207e-07 |  1.7749 
29   |  1.999999988 |  2.000000035 |  0.000000000 |  0.000000000 |  1.999999947 |  2.000000076 |  1.295754342e-07 |  1.6325 
---------------------------------------------------------------------------------------------------------
Результат: x_min = 1.9999999909371264, f(x_min) = 8.213567721396296e-17, Вызовов функции: 58

Таблица результатов: Метод Золотого Сечения
---------------------------------------------------------------------------------------------------------
i    |      x1      |      x2      |    f(x1)     |    f(x2)     |      a       |      b       |     b-a      |  ratio  
---------------------------------------------------------------------------------------------------------
1    |  6.403252248 |  11.596747752 |  19.388630355 |  92.097567425 | -2.000000000 |  20.000000000 |  2.200000000e+01 |    -    
2    |  3.193495505 |  6.403252248 |  1.424431520 |  19.388630355 | -2.000000000 |  11.596747752 |  1.359674775e+01 |  1.6180 
3    |  1.209756743 |  3.193495505 |  0.624484406 |  1.424431520 | -2.000000000 |  6.403252248 |  8.403252248e+00 |  1.6180 
4    | -0.016261238 |  1.209756743 |  4.065309378 |  0.624484406 | -2.000000000 |  3.193495505 |  5.193495505e+00 |  1.6180 
5    |  1.209756743 |  1.967477525 |  0.624484406 |  0.001057711 | -0.016261238 |  3.193495505 |  3.209756743e+00 |  1.6180 
6    |  1.967477525 |  2.435774723 |  0.001057711 |  0.189899609 |  1.209756743 |  3.193495505 |  1.983738762e+00 |  1.6180 
7    |  1.678053940 |  1.967477525 |  0.103649266 |  0.001057711 |  1.209756743 |  2.435774723 |  1.226017980e+00 |  1.6180 
8    |  1.967477525 |  2.146351138 |  0.001057711 |  0.021418655 |  1.678053940 |  2.435774723 |  7.577207825e-01 |  1.6180 
9    |  1.856927553 |  1.967477525 |  0.020469725 |  0.001057711 |  1.678053940 |  2.146351138 |  4.682971975e-01 |  1.6180 
10   |  1.967477525 |  2.035801165 |  0.001057711 |  0.001281723 |  1.856927553 |  2.146351138 |  2.894235849e-01 |  1.6180 
11   |  1.925251193 |  1.967477525 |  0.005587384 |  0.001057711 |  1.856927553 |  2.035801165 |  1.788736126e-01 |  1.6180 
12   |  1.967477525 |  1.993574833 |  0.001057711 |  0.000041283 |  1.925251193 |  2.035801165 |  1.105499723e-01 |  1.6180 
13   |  1.993574833 |  2.009703857 |  0.000041283 |  0.000094165 |  1.967477525 |  2.035801165 |  6.832364033e-02 |  1.6180 
14   |  1.983606549 |  1.993574833 |  0.000268745 |  0.000041283 |  1.967477525 |  2.009703857 |  4.222633196e-02 |  1.6180 
15   |  1.993574833 |  1.999735572 |  0.000041283 |  0.000000070 |  1.983606549 |  2.009703857 |  2.609730837e-02 |  1.6180 
16   |  1.999735572 |  2.003543118 |  0.000000070 |  0.000012554 |  1.993574833 |  2.009703857 |  1.612902359e-02 |  1.6180 
17   |  1.997382379 |  1.999735572 |  0.000006852 |  0.000000070 |  1.993574833 |  2.003543118 |  9.968284783e-03 |  1.6180 
18   |  1.999735572 |  2.001189925 |  0.000000070 |  0.000001416 |  1.997382379 |  2.003543118 |  6.160738806e-03 |  1.6180 
19   |  1.998836732 |  1.999735572 |  0.000001353 |  0.000000070 |  1.997382379 |  2.001189925 |  3.807545978e-03 |  1.6180 
20   |  1.999735572 |  2.000291086 |  0.000000070 |  0.000000085 |  1.998836732 |  2.001189925 |  2.353192828e-03 |  1.6180 
21   |  1.999392246 |  1.999735572 |  0.000000369 |  0.000000070 |  1.998836732 |  2.000291086 |  1.454353150e-03 |  1.6180 
22   |  1.999735572 |  1.999947759 |  0.000000070 |  0.000000003 |  1.999392246 |  2.000291086 |  8.988396782e-04 |  1.6180 
23   |  1.999947759 |  2.000078898 |  0.000000003 |  0.000000006 |  1.999735572 |  2.000291086 |  5.555134716e-04 |  1.6180 
24   |  1.999866711 |  1.999947759 |  0.000000018 |  0.000000003 |  1.999735572 |  2.000078898 |  3.433262066e-04 |  1.6180 
25   |  1.999947759 |  1.999997850 |  0.000000003 |  0.000000000 |  1.999866711 |  2.000078898 |  2.121872649e-04 |  1.6180 
26   |  1.999997850 |  2.000028808 |  0.000000000 |  0.000000001 |  1.999947759 |  2.000078898 |  1.311389417e-04 |  1.6180 
27   |  1.999978717 |  1.999997850 |  0.000000000 |  0.000000000 |  1.999947759 |  2.000028808 |  8.104832322e-05 |  1.6180 
28   |  1.999997850 |  2.000009675 |  0.000000000 |  0.000000000 |  1.999978717 |  2.000028808 |  5.009061848e-05 |  1.6180 
29   |  1.999990542 |  1.999997850 |  0.000000000 |  0.000000000 |  1.999978717 |  2.000009675 |  3.095770474e-05 |  1.6180 
30   |  1.999997850 |  2.000002367 |  0.000000000 |  0.000000000 |  1.999990542 |  2.000009675 |  1.913291374e-05 |  1.6180 
31   |  1.999995059 |  1.999997850 |  0.000000000 |  0.000000000 |  1.999990542 |  2.000002367 |  1.182479100e-05 |  1.6180 
32   |  1.999997850 |  1.999999575 |  0.000000000 |  0.000000000 |  1.999995059 |  2.000002367 |  7.308122746e-06 |  1.6180 
33   |  1.999999575 |  2.000000641 |  0.000000000 |  0.000000000 |  1.999997850 |  2.000002367 |  4.516668251e-06 |  1.6180 
34   |  1.999998916 |  1.999999575 |  0.000000000 |  0.000000000 |  1.999997850 |  2.000000641 |  2.791454495e-06 |  1.6180 
35   |  1.999999575 |  1.999999983 |  0.000000000 |  0.000000000 |  1.999998916 |  2.000000641 |  1.725213756e-06 |  1.6180 
36   |  1.999999983 |  2.000000234 |  0.000000000 |  0.000000000 |  1.999999575 |  2.000000641 |  1.066240739e-06 |  1.6180 
37   |  1.999999827 |  1.999999983 |  0.000000000 |  0.000000000 |  1.999999575 |  2.000000234 |  6.589730168e-07 |  1.6180 
38   |  1.999999983 |  2.000000079 |  0.000000000 |  0.000000000 |  1.999999827 |  2.000000234 |  4.072677220e-07 |  1.6180 
39   |  1.999999923 |  1.999999983 |  0.000000000 |  0.000000000 |  1.999999827 |  2.000000079 |  2.517052946e-07 |  1.6180 
40   |  1.999999983 |  2.000000019 |  0.000000000 |  0.000000000 |  1.999999923 |  2.000000079 |  1.555624272e-07 |  1.6180 
---------------------------------------------------------------------------------------------------------
Результат: x_min = 1.9999999711713525, f(x_min) = 8.310909149048901e-16, Вызовов функции: 42

>>> ПОСТРОЕНИЕ ГРАФИКА ЗАВИСИМОСТИ
Eps        | Dichotomy  | Golden    
0.1        | 18         | 14        
0.01       | 26         | 18        
0.001      | 32         | 23        
0.0001     | 38         | 28        
1e-05      | 46         | 33        
1e-06      | 52         | 38        
1e-07      | 58         | 42        
График построен (вызовите plt.show() если запускаете локально).

>>> ПОИСК ИНТЕРВАЛА, СОДЕРЖАЩЕГО МИНИМУМ
Начальная точка: -1.0

Таблица поиска интервала:
----------------------------------------
step  |        x        |      f(x)      
----------------------------------------
0     | -1.000000000 |  9.000000000
1     | -0.500000000 |  6.250000000
2     |  0.500000000 |  2.250000000
----------------------------------------
Найденный интервал: [-1.0, 0.5]
Проверка: минимум x=2 входит в интервал? НЕТ
